%YAML:1.0
---
class: Pedestrian
size: [ 48, 96 ]
model: [ 6.21901788e-02, -1.14383921e-01, -1.58010378e-01,
    -9.75873992e-02, -1.82596207e-01, -1.48979947e-01, -6.47468492e-02,
    -4.87178639e-02, 9.58808139e-02, 2.19421029e-01, 5.11069549e-03,
    -1.65629983e-01, 6.71108579e-03, 4.97755148e-02, -1.86875109e-02,
    -6.22809380e-02, -4.30619484e-03, 2.29319811e-01, 1.43068597e-01,
    -7.83551857e-02, 8.84899497e-02, 8.55343118e-02, 5.09388931e-02,
    -1.80865139e-01, -1.10411912e-01, -5.47201969e-02, 1.78477377e-01,
    2.92053461e-01, 8.44566002e-02, 4.74747084e-02, 8.57131556e-02,
    7.18979910e-03, 4.02038507e-02, 7.26982430e-02, 1.21964976e-01,
    3.84820491e-01, 3.37181129e-02, -2.05872118e-01, -2.60770112e-01,
    -7.15451762e-02, -1.02028884e-01, -1.01437941e-01, -4.14272659e-02,
    -1.00766003e-01, 2.84476280e-02, 5.86108118e-02, -9.76711810e-02,
    4.53468449e-02, -3.70492600e-02, -1.03070229e-01, -1.46877378e-01,
    -2.53405590e-02, -5.26297837e-02, -6.30847961e-02, 3.96273937e-03,
    -3.75355184e-02, -4.70847869e-03, 9.11513716e-02, -3.96068171e-02,
    -1.46796852e-02, 4.71333154e-02, 7.13726506e-02, 8.42498541e-02,
    1.39575154e-02, 8.68405029e-02, 2.71019995e-01, 1.24177627e-01,
    -2.28445698e-02, 1.58181135e-02, 1.25662178e-01, 4.35376056e-02,
    -1.01235740e-01, 6.22221157e-02, 3.79711501e-02, 1.06881164e-01,
    -4.91635613e-02, -1.46831065e-01, -9.14106369e-02, -8.83782059e-02,
    -8.05159509e-02, -7.73432031e-02, 1.45069420e-01, 1.90341413e-01,
    8.02201107e-02, 2.23667454e-02, 1.76405758e-01, 4.76332530e-02,
    -3.43522914e-02, -3.31383832e-02, 8.41421913e-03, -8.10031146e-02,
    1.54358536e-01, 1.54640377e-01, -9.08984542e-02, -2.07533151e-01,
    -1.46825567e-01, -4.48243655e-02, -6.16596565e-02, -1.62451193e-01,
    2.87762787e-02, 8.75194296e-02, 4.05249745e-02, -6.95196912e-02,
    9.76832956e-02, -6.62322864e-02, 2.60089673e-02, 2.26035211e-02,
    -1.88452080e-02, -4.66039451e-03, 1.55693144e-01, 2.66322703e-03,
    -1.26671836e-01, 2.63019323e-01, 3.02248728e-02, -4.58063446e-02,
    -1.36251897e-01, -1.55768335e-01, -1.03783691e-02, 1.95623025e-01,
    2.24010572e-02, 4.00095172e-02, 3.09358329e-01, 1.57811716e-01,
    -3.21159512e-02, -1.09245457e-01, -1.62885189e-01, -1.49181455e-01,
    -1.72912002e-01, -2.50839978e-01, -3.15036416e-01, 1.72075927e-02,
    -1.08855776e-01, -3.85647826e-02, -4.57038358e-02, -1.69317678e-01,
    9.93425474e-02, 1.01214193e-01, -1.49294332e-01, -1.61240488e-01,
    -4.16160636e-02, -5.42576276e-02, 1.43387979e-02, 1.12651289e-01,
    -6.11871108e-02, -8.61435011e-02, 1.21576823e-01, -4.60167602e-02,
    1.01118147e-01, 2.61090219e-01, 6.45379424e-02, -5.87376282e-02,
    -4.28435355e-02, -9.36332047e-02, -8.19590688e-02, 4.28715423e-02,
    -2.79428046e-02, -1.48390099e-01, 7.26178065e-02, -2.53756288e-02,
    -1.75498500e-01, -1.31689131e-01, -6.67829961e-02, 1.75069779e-01,
    1.29482806e-01, -6.79796711e-02, -5.11593707e-02, 1.05561567e-02,
    -5.10139242e-02, 2.70343013e-03, 7.58489743e-02, -1.74120739e-02,
    8.43010470e-02, 7.22032711e-02, -5.66676371e-02, -2.66581718e-02,
    3.73536674e-03, -6.16828352e-02, -1.85327888e-01, -1.12136848e-01,
    -1.60413124e-02, 4.81205620e-02, 1.49708360e-01, 1.45901456e-01,
    5.81339449e-02, 1.05652131e-01, -1.48935974e-01, -8.16946626e-02,
    -6.55172691e-02, 2.63902266e-02, -7.13241799e-03, -1.62035853e-04,
    -7.86665678e-02, 6.22037165e-02, 3.60528305e-02, 7.34816259e-03,
    -3.98258753e-02, -9.40715149e-03, -6.10054471e-02, 2.29726639e-02,
    2.32152164e-01, 5.05093671e-02, 1.64241232e-02, -7.71069750e-02,
    -1.57815441e-01, -6.34701997e-02, -6.61015958e-02, -5.43130599e-02,
    -7.72361457e-02, -1.08596377e-01, -9.19919461e-02, -2.09309399e-01,
    -1.50311310e-02, 5.87455789e-03, -1.24464678e-02, 1.74399436e-01,
    5.50473817e-02, -4.29240987e-02, -3.93926129e-02, -1.18441656e-01,
    -1.50692249e-02, 9.54963267e-02, -3.11166490e-03, 2.77928952e-02,
    1.56057656e-01, 5.13758212e-02, -3.14826407e-02, 6.24714373e-03,
    -1.11845210e-01, 7.05226809e-02, 2.84958303e-01, 8.64613336e-03,
    1.19474806e-01, 1.52108967e-01, 4.36247885e-02, 1.78137776e-02,
    -2.93384753e-02, -1.14760347e-01, -1.43575758e-01, 1.09834559e-02,
    1.01051331e-01, -1.84337087e-02, 1.79570988e-01, 7.70881921e-02,
    -5.19275591e-02, 4.88066114e-02, 2.65107639e-02, 3.02847698e-02,
    1.44639788e-02, -1.31127208e-01, -1.62822694e-01, -5.37098944e-02,
    -8.21529776e-02, 2.82841101e-02, -3.71450186e-02, -7.73667395e-02,
    1.06525667e-01, 2.69989252e-01, 2.24878475e-01, 4.16338304e-03,
    9.34771746e-02, 1.84086859e-01, -4.53058369e-02, -7.63261169e-02,
    -3.40735130e-02, -4.44890037e-02, 1.22906052e-01, 4.35491651e-02,
    -9.16631073e-02, 1.09165221e-01, 8.41523632e-02, -3.98414582e-02,
    4.11141962e-02, -1.41678499e-02, -1.43344015e-01, -1.22919038e-01,
    -9.59489346e-02, -9.37661827e-02, -3.71095166e-02, -4.28385995e-02,
    -2.76474003e-02, 2.54162755e-02, -7.40614235e-02, -9.61656272e-02,
    -8.10713619e-02, -8.55951011e-02, -1.76573694e-01, -1.02794550e-01,
    3.11077293e-02, -5.52048571e-02, 8.51130188e-02, 3.07510626e-02,
    7.58883208e-02, -7.35466555e-02, -5.64536564e-02, -8.38808268e-02,
    6.44220263e-02, -1.61589339e-01, -3.39901708e-02, 3.33347097e-02,
    -3.89855504e-02, 1.63181573e-01, 1.75569151e-02, 8.85256603e-02,
    -5.10192811e-02, -2.15239882e-01, -4.67641771e-01, 1.24207281e-01,
    2.38656163e-01, 5.93348988e-04, 6.77184900e-03, 7.72103248e-03,
    -2.98257470e-02, -1.25804961e-01, -2.94808783e-02, -3.71734910e-02,
    -3.19541246e-02, 2.09043041e-01, 1.34210885e-01, 7.53909349e-02,
    9.00241733e-02, 2.08516568e-02, -1.49525136e-01, -9.07930732e-02,
    -1.44780263e-01, 5.29944955e-04, 5.21959327e-02, -3.55996899e-02,
    -5.55484034e-02, -9.28203613e-02, 8.44276231e-03, -5.61364964e-02,
    -9.61172730e-02, -2.06307128e-01, -1.55315563e-01, -8.64769891e-02,
    -1.42820328e-01, -4.24936935e-02, -6.36733323e-02, -9.77440644e-03,
    -6.30794391e-02, -2.42420528e-02, -1.43304346e-02, -5.66934422e-02,
    9.72116888e-02, 1.10301375e-01, -9.38059315e-02, -1.05250943e-02,
    4.96539623e-02, 7.94366077e-02, 1.51063815e-01, 3.91365848e-02,
    -7.59767592e-02, 5.94261251e-02, -4.67242002e-02, -7.72358384e-03,
    -5.69453761e-02, -3.68083385e-03, 2.14184653e-02, 3.35164852e-02,
    1.29226729e-01, -6.33598119e-02, -6.61025420e-02, -8.93017724e-02,
    4.74194437e-02, 4.44025127e-03, 5.70175126e-02, 1.14714324e-01,
    1.06395423e-01, -5.84829152e-02, -2.13484436e-01, -2.06215292e-01,
    -1.11067645e-01, -5.57972416e-02, -1.31020561e-01, -2.66283322e-02,
    -8.57358053e-02, 1.93644874e-02, -1.67496234e-01, 1.24687150e-01,
    2.40592256e-01, 1.35213569e-01, 2.19646305e-01, 1.88709542e-01,
    1.58294275e-01, 3.38780791e-01, 1.95298150e-01, 1.62787557e-01,
    -9.88263339e-02, 8.03256989e-04, 4.92191538e-02, 1.80488214e-01,
    2.21849442e-01, 2.27370381e-01, 3.32100019e-02, -8.25406238e-02,
    -1.74433053e-01, 4.71578240e-02, -1.91365182e-01, -8.86764750e-02,
    6.17290027e-02, 2.31323075e-02, -2.37667561e-01, -2.49465615e-01,
    -2.33968288e-01, 9.77781191e-02, 1.20586917e-01, 1.19317353e-01,
    5.93150482e-02, 9.42021310e-02, -8.90955422e-03, -2.18936219e-03,
    9.95285809e-02, 9.46434885e-02, 2.24940538e-01, -6.06955960e-02,
    -3.39250937e-02, 7.36302510e-02, 2.55620658e-01, 2.39575505e-01,
    -7.08303526e-02, -1.26080677e-01, -7.36461133e-02, 2.74469797e-02,
    1.67608485e-01, 2.29869843e-01, 1.21977098e-01, 1.77310333e-01,
    9.76256877e-02, 1.51652321e-02, 7.68171325e-02, 2.78350174e-01,
    1.10039867e-01, -7.19821677e-02, -4.00773063e-02, 2.92691588e-02,
    6.25659227e-02, -1.04550578e-01, -7.69141018e-02, 6.89360052e-02,
    7.90485591e-02, 3.54399066e-03, -1.88130096e-01, 6.24436215e-02,
    2.08514765e-01, 1.03328727e-01, -9.31372941e-02, -7.82555714e-02,
    -6.07187264e-02, -2.12188717e-02, -2.14611307e-01, -5.58256265e-03,
